tensor_dense2_bias 10
0 0 0 0 0 0 0 0 0 0
tensor_dense2_weights 100
-0.124343716 0.033102084 -0.0195934232 -0.0864401385 -0.208261281 0.237320572 0.0289056394 -0.0345071219 -0.0382381193 0.00771829998 0.00815912243 -0.0121463388 0.00194688037 -0.0597788095 0.0660544485 0.102518521 0.207386285 0.0118560828 0.0210286528 -0.0170132872 0.117134653 0.16156818 -0.138414875 0.0707711801 -0.0769233257 0.0480142497 0.0703292489 -0.0491275825 0.13555567 0.0127466768 0.0629896745 0.0548819005 -0.141114026 0.047735136 -0.0662881508 0.0582556985 0.0171817485 -0.0448084436 -0.15902555 -0.116147451 -0.0605705269 0.141575217 0.0871552378 -0.135306075 -0.220650434 0.169943869 0.0643581226 -0.0571479388 0.0399733596 -0.0498034097 0.00985219702 0.00707727624 0.0871670693 0.0162607487 -0.105206586 -0.184664831 -0.108160749 -0.146586642 0.0831148922 -0.0249467995 -0.0285685994 -0.215223595 0.127446264 -0.00929560047 -0.0328737721 -0.00552611751 -0.00209057587 -0.058395423 0.0889025703 -0.0287782252 -0.0131439418 0.180751339 0.0492222384 -0.0374572948 -0.269341379 -0.0528882518 -0.00854286551 -0.103710748 -0.14326556 0.0455473289 0.100047581 -0.0472815484 -0.150017872 -0.219050214 -0.146844015 -0.156989649 0.0179203805 -0.048019927 0.0233543888 -0.0571266524 -0.0199665446 0.00183465646 -0.0804333314 -0.089477919 0.186255932 -0.0322220139 -0.09086629 0.0547761433 -0.14967823 0.0674320385
tensor_dense1_bias 10
0 0 0 0 0 0 0 0 0 0
tensor_dense1_weights 50
0.0743332431 0.00631906185 -0.0358737707 0.0361761414 -0.0452947132 0.00568968942 -0.225577518 0.135329425 0.0948342532 -0.180480585 -0.15141058 -0.128744319 0.00442713546 0.0437216312 -0.0022816367 0.157577157 0.0632513613 -0.0545773879 0.0203098916 0.109588288 -0.0980717465 0.133313403 -0.132383168 -0.152688995 0.227363184 -0.189983293 0.159053162 0.0425443351 -0.045699507 -0.109139681 -0.0385937467 -0.0798914209 -0.127831742 -0.0313862935 0.199583337 0.127765283 0.0693305358 -0.0338645801 -0.134401456 0.10388913 -0.0401933715 -0.060110826 -0.00973099563 -0.204306826 -0.0185251441 0.0956032202 -0.0779245049 0.0115264608 -0.105567873 -0.0244221706
tensor_dense_bias 20
0 0 0 0 0 0 0 0 0 0 0 0 0 0 0 0 0 0 0 0
tensor_dense_weights 200
0.0202703904 0.112511717 0.0519806854 0.0812439919 -0.188352346 0.112362824 -0.0354537331 -0.0856344849 0.020588832 -0.128266379 -0.0320737995 -0.0434208699 0.126889348 0.00563224778 0.00295525137 0.0899774954 0.121232152 -0.0115332594 -0.121270053 0.240965322 -0.191076383 -0.0368038267 0.0205824934 0.0182064027 0.136196479 -0.0236109663 0.0264651068 -0.0689812228 0.225650236 -0.105623186 0.291909069 -0.0750011131 -0.115025401 -0.0700428411 -0.00855149142 0.0724004731 -0.088994734 0.0682988688 -0.0600114055 -0.0109792193 -0.0865046009 0.116406158 -0.0260913502 -0.085734196 -0.117159083 -0.0253703576 -0.0101034464 0.153302088 -0.0805038437 0.0582272075 0.0163643733 -0.0961279795 0.0429047495 0.0535177849 0.0391278267 0.018272927 0.0127708828 0.0463675372 0.0608948283 0.0507116877 -0.00339071336 0.114099838 -0.180924326 0.0488104634 0.00258453609 0.0854782835 -0.0290059242 -0.00408010045 0.0160616096 -0.00204474921 -0.01459412 0.059052106 0.0629715696 -0.100807957 0.184943751 -0.19656302 0.0459621474 -0.0788690373 0.0100349505 -0.0911215544 0.124550782 0.0156264454 -0.0189174749 0.150746092 0.0811690912 0.00319061591 -0.0537876561 -0.00464938954 -0.0797898248 0.137297899 -0.00299831759 -0.207077548 -0.0105915098 0.21485436 0.0326151662 0.0596931055 -0.0740924925 0.0904366076 -0.218320325 -0.101197742 0.058199551 0.0956214741 -0.137015238 -0.200827762 0.112422049 -0.234642789 -0.0397097878 0.0248384569 0.160947621 0.105787598 0.00608868804 0.0981856808 0.0173823982 -0.113908544 0.12047267 0.14815627 0.0175563339 -0.059826415 -0.0330458358 0.103846014 -0.129115611 0.0816466734 0.0423165932 0.0153382299 0.0255361944 0.0525803454 0.0654373541 0.0556585267 0.0113842981 0.0571880303 0.161959678 -0.0854598582 0.14473331 -0.0246249344 0.0378406495 0.0722819269 -0.0471560359 0.009326078 0.166019961 -0.0765584707 -0.101355933 0.00609082077 0.238641337 0.195179909 0.186221033 -0.124884799 0.107409656 0.104816429 -0.114853874 -0.0402332842 -0.0681290552 -0.0110854562 -0.0967412814 0.00674164901 -0.0231203195 -0.104302421 0.0190946553 -0.0241956711 -0.129595995 -0.199766889 0.0689861327 -0.0547214448 -0.0588171557 -0.02383155 -0.0539249256 0.0045190244 -0.0898078978 -0.00189240125 0.0244954638 0.0588568822 0.0274026375 0.0403580852 -0.00535394903 -0.0898680016 0.000399385783 0.0242865756 0.239043102 0.0767334625 0.125794336 0.0549244583 -0.163082883 -0.0263329186 0.108241729 -0.0785352588 -0.183366641 0.0210006181 0.0457682721 0.0172549617 0.0828389302 0.0181738492 -0.254586935 -0.0388430096 0.0581646822 0.0514789 -0.0206620451 0.0750620589 -0.0215471517 -0.0752567649 0.058723785 0.0729247704
