tensor_dense3_weights 200
0.191648647 0.0404452384 -0.0830143169 -0.0583355203 -0.178981856 0.0810886025 -0.00182714837 -0.0075561041 0.081578441 0.0271800645 0.0118331304 0.0512368269 -0.0619971752 -0.196842611 -0.034279231 -0.0280531347 -0.25459516 0.068419449 -0.0270018075 0.0769639164 -0.0163361039 -0.200886846 -0.168284208 0.0371256955 -0.0249782428 -0.215739176 0.0302409381 0.0912061557 0.135987967 0.0164840482 0.0407291763 0.0268822201 0.0987201855 -0.0551984198 0.12558496 0.0523023121 -0.0203799605 -0.0376072936 0.123222053 -0.0773972571 -0.178434193 -0.163447499 -0.235787943 0.0376363285 -0.016013125 0.150534377 0.0604379587 -0.102151118 -0.0999449492 0.0941524953 0.0249674171 0.0339727998 -0.152704269 -0.00769907329 -0.0947577283 0.00371475867 0.0030615672 -0.0161818657 -0.0534103177 -0.12635307 -0.0372934081 -0.0759895667 -0.0808977038 0.0499110483 0.0594088621 -0.172934115 0.0400300361 0.00789697282 0.0590028241 -0.0406463407 0.0850599185 0.0100006787 -0.158646137 0.00620910386 0.163392678 0.0837172717 -0.15099819 -0.0161440745 0.136993244 -0.0240973681 0.0474569201 -0.106588416 0.016708361 -0.135685056 0.0162505973 0.0487827919 0.0315834694 -0.117945433 -0.0567448922 0.140345946 0.0516003631 -0.0754357949 -0.0214526877 -0.113107897 -0.0189404506 -0.0599313639 0.108655415 -0.0389656276 -0.0937432647 0.133880526 0.00766167929 0.0769537613 -0.01163314 -0.0350186042 -0.061522007 0.00595351076 0.0481006801 -0.0162970033 0.0844037905 -0.139198273 -0.124059282 0.120412253 0.0841967687 0.0855202824 -0.0266389232 -0.0549405925 0.083125487 -0.0344756395 -0.0178932752 0.0801808536 -0.0224914625 0.121899381 0.0142932478 0.0516966693 0.074820891 -0.0237747692 0.0422361605 -0.0330176055 -0.0152769452 0.0244036224 0.128889516 -0.0475022495 0.0965900794 -0.0749354139 0.0550066493 -0.00309708109 -0.0516097806 0.0491155274 0.0762909055 0.00535329944 0.0857602283 0.0815191418 0.0655988082 -0.0999387503 -0.151347443 0.0763936341 -0.149412856 0.00269380934 0.258062392 -0.130643681 0.0200647619 -0.0271118321 -0.0403118432 0.143162832 -0.00176206452 0.0708212331 0.0472160764 -0.0483766124 -0.0857407972 -0.0135870567 -0.000982963014 -0.148338109 -0.0450002514 -0.0729504377 0.041084148 0.0659037754 -0.00623621698 0.0603161454 -0.170751765 0.136175141 0.135115013 0.0224387925 0.00554052833 0.120765388 -0.0763952062 -0.0420599431 -0.0411591493 -0.134559199 0.233455524 0.0476345718 -0.133909926 0.0120381163 0.102005206 0.0115585988 0.031245565 0.0138933389 0.0208499227 0.0535482727 -0.0943283662 -0.0550850406 -0.0957753733 0.0514029972 -0.0316583216 0.0487244613 -0.125710443 -0.0433126912 0.0414236151 -0.0165161621 0.0855820328 -0.015657777
tensor_dense3_bias 10
0 0 0 0 0 0 0 0 0 0
tensor_dense2_bias 8
0 0 0 0 0 0 0 0
tensor_dense2_weights 80
0.16902779 -0.0259426367 -0.0550140105 -0.0668861195 -0.130242541 0.137750551 0.156911746 -0.0488883629 0.0588458143 0.0540041737 0.0655858517 0.0607421696 0.0705098435 -0.0860560164 0.103037968 -0.160701081 -0.0284428541 -0.13171564 0.135216743 0.0851943195 -0.0158479419 0.211807251 -0.0549565665 0.101056993 -0.172287688 -0.123542719 0.0444979034 -0.0399785638 -0.0661029667 -0.0558358617 0.143063888 -0.0485763885 0.0680003241 0.0614536591 0.0278417524 -0.153971627 -0.0791696236 -0.0383910239 -0.0412780009 0.155938983 0.118978553 -0.0321872048 0.0165565349 0.0518395081 0.0471723862 0.0485118032 -0.1018271 -0.0328890346 -0.0391366594 -0.134410188 -0.10311389 -0.0720673651 0.0343255848 -0.0200495236 -0.148586139 0.134250939 0.176900491 0.0374005139 0.143995956 0.0783574507 0.170447871 -0.0285998341 -0.0892220587 -0.0808851644 -0.0356155895 0.0132972095 0.0483677797 -0.0234709531 -0.0482191406 0.0281297304 0.0706622601 0.108100511 -0.156447694 -0.225719497 -0.0336412303 0.282377392 -0.0788459182 0.076721929 0.139068156 0.0297919549
tensor_dense1_bias 12
0 0 0 0 0 0 0 0 0 0 0 0
tensor_dense1_weights 120
0.187767416 0.0689509138 0.0128608895 -0.0329830609 -0.0240183398 0.0189284291 0.121213429 0.0651510283 -0.00542037701 0.0712372735 0.0264413543 -0.0956230983 -0.105662502 0.0625054017 0.0784853026 -0.0627706274 -0.0202818997 0.0308301747 -0.072626017 0.0332893357 -0.0342628211 0.00620613666 0.0968730748 0.00932736881 0.0128418747 0.13862516 0.0149605395 0.196899533 0.00827508699 -0.0844688118 0.0586771853 -0.0834120736 -0.0615639463 0.144229367 0.00433469936 -0.344312996 0.1471809 0.0224253759 0.236074239 -0.326981485 -0.0851002857 -0.0368983261 0.0462980978 0.0145287439 0.0504692793 0.0423679799 0.0310095008 -0.0850572437 0.112421431 -0.0589406192 -0.153997347 0.185027167 -0.00642162049 -0.0960883722 -0.110771574 -0.201628715 -0.0195964258 -0.0822555497 0.0111731095 -0.148094073 0.0963109955 -0.0843947977 0.0838235095 -0.0291974433 0.0989354178 0.00804148521 -0.0750972033 -0.0919182822 -0.187654555 -0.0805899128 0.041432064 0.0108262571 -0.183174714 -0.240572557 -0.0690992773 -0.0628531203 -0.0255670734 -0.200492218 -0.0495932065 0.00922391564 -0.158397779 0.0271038096 -0.0835265219 0.103974633 0.059055835 0.0903835967 -0.146297365 0.0453127958 -0.0580705963 -0.0204611104 -0.201515228 -0.175864875 -0.144269541 -0.261066437 -0.106023781 0.0525154173 0.127306178 -0.118194774 0.106839828 -0.0543765314 0.109334461 0.0596997812 0.00217016833 0.0135761229 0.014471923 -0.0630345792 0.0629493743 0.0214102156 0.0972624049 -0.170033872 0.163525134 0.184642434 0.118599549 -0.0458563529 -0.163819224 0.122900687 0.0171069913 -0.00383646274 -0.095072411 -0.147778079
